OSA_A19P0	NODE_4_length_416082_cov_117.550493	O2	86.731	1236	133	11	332661	333896	3746	2542	0.0	1345
OSA_A19P0	NODE_25_length_56128_cov_141.509143	O1	99.679	18369	57	2	28095	46462	1	18368	0.0	33593
OSA_A19P12	NODE_4_length_551913_cov_367.431478	O3	99.634	20211	69	3	28018	48224	20210	1	0.0	36908
OSA_A19P6	NODE_13_length_96831_cov_303.008113	O3	99.619	20213	70	3	48607	68815	1	20210	0.0	36893
OSA_A7P0	NODE_2_length_447961_cov_152.951032	O2	87.027	740	89	5	195145	195884	3746	3014	0.0	828
OSA_A7P0	NODE_43_length_15451_cov_147.839274	O6	99.797	5418	11	0	9959	15376	1	5418	0.0	9945
OSA_A7P0	NODE_4_length_416771_cov_155.028995	O6	99.726	10236	26	1	76	10309	5414	15649	0.0	18746
OSA_A7P0	NODE_37_length_26763_cov_189.638649	O2	96.610	59	2	0	4219	4277	3050	2992	8.58e-21	99.0
OSA_A7P12	NODE_15_length_110260_cov_254.166305	O2	85.790	753	88	12	35375	36127	3747	3014	0.0	780
OSA_A7P12	NODE_21_length_53623_cov_280.039648	O6	99.764	15650	34	2	28018	43665	15649	1	0.0	28692
OSA_A7P12	NODE_28_length_13997_cov_264.356825	O2	93.125	160	11	0	10635	10794	3750	3591	3.27e-62	235
OSA_P11P0	NODE_3_length_467293_cov_139.094432	O2	85.790	753	88	12	386405	387157	3747	3014	0.0	780
OSA_P11P0	NODE_25_length_18907_cov_140.388954	O6	99.763	8857	21	0	9959	18815	1	8857	0.0	16240
OSA_P11P0	NODE_23_length_34894_cov_132.203952	O6	99.750	6797	15	1	77	6871	8853	15649	0.0	12456
OSA_P11P12-1	NODE_1_length_1182382_cov_547.539615	O6	99.859	15649	20	1	1156778	1172424	15649	1	0.0	28775
OSA_P11P12-1	NODE_2_length_934676_cov_519.745040	O2	86.624	1241	131	13	633479	634716	2542	3750	0.0	1339
OSA_P11P12-2	NODE_1_length_934676_cov_387.792324	O2	86.624	1241	131	13	299961	301198	3750	2542	0.0	1339
OSA_P11P12-2	NODE_3_length_718140_cov_424.685277	O2	91.135	282	24	1	428572	428853	3747	3467	2.04e-104	381
OSA_P11P12-2	NODE_9_length_351015_cov_368.012532	O6	99.859	15649	20	1	325703	341349	15649	1	0.0	28775
OSA_P11P6	NODE_1_length_1182382_cov_221.106204	O6	99.859	15649	20	1	9959	25605	1	15649	0.0	28775
OSA_P11P6	NODE_2_length_934676_cov_187.570059	O2	86.624	1241	131	13	633479	634716	2542	3750	0.0	1339
OSA_P11P9	NODE_1_length_1184760_cov_316.479424	O6	99.853	15649	20	2	9959	25604	1	15649	0.0	28768
OSA_P11P9	NODE_3_length_584247_cov_277.523663	O2	86.624	1241	131	13	296431	297668	3750	2542	0.0	1339
OSA_P3P0	NODE_28_length_991_cov_509.006565	O2	86.249	989	107	9	1	989	3615	2656	0.0	1046
OSA_P3P0	NODE_13_length_164100_cov_94.331033	O2	91.509	212	17	1	1	212	3539	3749	8.09e-78	291
OSA_P3P0	NODE_5_length_491246_cov_101.031651	O2	94.805	77	4	0	491170	491246	3746	3670	3.36e-26	121
OSA_P3P0	NODE_20_length_55550_cov_84.322661	O9	99.878	17265	19	1	9959	27223	1	17263	0.0	31765
OSA_P3P0	NODE_9_length_351220_cov_99.890851	O2	96.226	106	4	0	351113	351218	3746	3641	1.82e-42	174
OSA_P3P0	NODE_89_length_211_cov_88.567164	O2	94.805	77	4	0	135	211	3746	3670	1.33e-29	121
OSA_P3P12	NODE_5_length_351220_cov_491.512091	O2	96.226	106	4	0	351113	351218	3746	3641	1.82e-42	174
OSA_P3P12	NODE_15_length_164102_cov_466.603128	O2	91.509	212	17	1	163891	164102	3749	3539	8.09e-78	291
OSA_P3P12	NODE_18_length_152805_cov_424.937451	O2	94.805	77	4	0	152729	152805	3746	3670	1.05e-26	121
OSA_P3P12	NODE_27_length_55025_cov_521.771438	O9	99.878	17265	19	1	28095	45359	17263	1	0.0	31765
OSA_P3P12	NODE_37_length_991_cov_2606.684902	O2	86.249	989	107	9	3	991	2656	3615	0.0	1046
OSA_P3P12	NODE_60_length_211_cov_538.611940	O2	94.805	77	4	0	135	211	3746	3670	1.33e-29	121
OSA_P3P12	NODE_68_length_177_cov_1951.240000	O2	91.525	177	15	0	1	177	3539	3715	6.23e-67	244
OSA_P3P12	NODE_108_length_108_cov_1385.903226	O2	93.396	106	7	0	3	108	3641	3746	4.80e-41	158
OSA_P3P6-1	NODE_3_length_491239_cov_375.811586	O2	94.805	77	4	0	491163	491239	3746	3670	3.36e-26	121
OSA_P3P6-1	NODE_6_length_351220_cov_386.742265	O2	96.226	106	4	0	3	108	3641	3746	1.82e-42	174
OSA_P3P6-1	NODE_15_length_164104_cov_377.829071	O2	91.981	212	16	1	1	212	3539	3749	1.74e-79	296
OSA_P3P6-1	NODE_25_length_55550_cov_407.090062	O9	99.878	17265	19	1	28328	45592	17263	1	0.0	31765
OSA_P3P6-1	NODE_35_length_991_cov_1985.388403	O2	86.249	989	107	9	3	991	2656	3615	0.0	1046
OSA_P3P6-1	NODE_49_length_211_cov_462.753731	O2	94.805	77	4	0	1	77	3670	3746	1.33e-29	121
OSA_P3P6-1	NODE_55_length_177_cov_1608.330000	O2	91.525	177	15	0	1	177	3715	3539	6.23e-67	244
OSA_P3P6-1	NODE_82_length_108_cov_1128.096774	O2	93.396	106	7	0	1	106	3746	3641	4.80e-41	158
OSA_P3P6-2	NODE_4_length_491246_cov_307.336053	O2	94.805	77	4	0	491170	491246	3746	3670	3.36e-26	121
OSA_P3P6-2	NODE_8_length_351220_cov_342.613753	O2	96.226	106	4	0	3	108	3641	3746	1.82e-42	174
OSA_P3P6-2	NODE_13_length_164102_cov_326.091870	O2	91.509	212	17	1	163891	164102	3749	3539	8.09e-78	291
OSA_P3P6-2	NODE_21_length_55317_cov_368.513161	O9	99.878	17265	19	1	9959	27223	1	17263	0.0	31765
OSA_P3P6-2	NODE_31_length_991_cov_1811.030635	O2	86.249	989	107	9	3	991	2656	3615	0.0	1046
OSA_P3P6-2	NODE_50_length_211_cov_384.067164	O2	94.805	77	4	0	135	211	3746	3670	1.33e-29	121
OSA_P3P6-2	NODE_56_length_177_cov_1349.990000	O2	91.525	177	15	0	1	177	3539	3715	6.23e-67	244
OSA_P3P6-2	NODE_90_length_108_cov_1043.677419	O2	93.396	106	7	0	3	108	3641	3746	4.80e-41	158
OSA_P3P9	NODE_4_length_491245_cov_332.894482	O2	94.805	77	4	0	1	77	3670	3746	3.36e-26	121
OSA_P3P9	NODE_6_length_351220_cov_343.634781	O2	96.226	106	4	0	3	108	3641	3746	1.82e-42	174
OSA_P3P9	NODE_15_length_164100_cov_338.363406	O2	91.509	212	17	1	1	212	3539	3749	8.09e-78	291
OSA_P3P9	NODE_24_length_55317_cov_293.596398	O9	99.878	17265	19	1	28095	45359	17263	1	0.0	31765
OSA_P3P9	NODE_34_length_991_cov_1760.983589	O2	86.249	989	107	9	3	991	2656	3615	0.0	1046
OSA_P3P9	NODE_55_length_211_cov_324.962687	O2	94.805	77	4	0	1	77	3670	3746	1.33e-29	121
OSA_P3P9	NODE_63_length_177_cov_1288.280000	O2	91.525	177	15	0	1	177	3539	3715	6.23e-67	244
OSA_P3P9	NODE_103_length_108_cov_929.322581	O2	93.396	106	7	0	3	108	3641	3746	4.80e-41	158
OSA_P42P0-1	NODE_3_length_633705_cov_266.403136	O2	86.624	1241	131	13	327661	328898	2542	3750	0.0	1339
OSA_P42P0-1	NODE_12_length_259670_cov_295.469003	O6	99.987	15651	0	2	9960	25610	1	15649	0.0	28890
OSA_P42P0-1	NODE_14_length_174026_cov_297.230010	O2	89.958	239	24	0	146310	146548	3746	3508	2.37e-83	309
OSA_P42P0-2	NODE_4_length_633707_cov_347.656393	O2	86.624	1241	131	13	327662	328899	2542	3750	0.0	1339
OSA_P42P0-2	NODE_11_length_259666_cov_416.369577	O6	99.994	15650	0	1	234058	249707	15649	1	0.0	28893
OSA_P42P0-2	NODE_12_length_212722_cov_394.215603	O2	89.958	239	24	0	66175	66413	3508	3746	2.89e-83	309
OSA_P42P12	NODE_3_length_633708_cov_302.422452	O2	86.624	1241	131	13	327662	328899	2542	3750	0.0	1339
OSA_P42P12	NODE_12_length_259669_cov_390.031734	O6	99.987	15650	1	1	9960	25609	1	15649	0.0	28888
OSA_P42P12	NODE_13_length_212718_cov_298.648172	O2	89.958	239	24	0	146308	146546	3746	3508	2.89e-83	309